SWAN   1                                Swan standard spectral file, version
$   Data produced by SWAN version 41.10               
$   Project: a11refr         ;  run number: A11 
LOCATIONS                               locations in x-y-space
    13                                  number of locations
    10000.0000        0.0000
    10000.0000     1001.0000
    10000.0000     2002.0000
    10000.0000     2999.0000
    10000.0000     3203.0000
    10000.0000     3303.0000
    10000.0000     3403.0000
    10000.0000     3499.0000
    10000.0000     3600.0000
    10000.0000     3700.0000
    10000.0000     3800.0000
    10000.0000     3900.0000
    10000.0000     3950.0000
AFREQ                                   absolute frequencies in Hz
    41                                  number of frequencies
    0.0500
    0.0521
    0.0542
    0.0564
    0.0587
    0.0611
    0.0637
    0.0663
    0.0690
    0.0718
    0.0748
    0.0778
    0.0810
    0.0844
    0.0878
    0.0914
    0.0952
    0.0991
    0.1032
    0.1074
    0.1118
    0.1164
    0.1212
    0.1261
    0.1313
    0.1367
    0.1423
    0.1482
    0.1543
    0.1606
    0.1672
    0.1740
    0.1812
    0.1886
    0.1964
    0.2044
    0.2128
    0.2216
    0.2307
    0.2401
    0.2500
QUANT
     3                                  number of quantities in table
VaDens                                  variance densities in m2/Hz
m2/Hz                                   unit
   -0.9900E+02                          exception value
CDIR                                    average Cartesian direction in degr
degr                                    unit
   -0.9990E+03                          exception value
DSPRDEGR                                directional spreading                   
degr                                    unit
   -0.9000E+01                          exception value
LOCATION     1
  0.9292E-05  120.0    2.6
  0.2539E-04  120.0    2.6
  0.6915E-04  120.0    2.6
  0.1869E-03  120.0    2.6
  0.4994E-03  120.0    2.6
  0.1312E-02  120.0    2.6
  0.3373E-02  120.0    2.6
  0.8427E-02  120.0    2.6
  0.2033E-01  120.0    2.6
  0.4702E-01  120.0    2.6
  0.1033E+00  120.0    2.6
  0.2139E+00  120.0    2.6
  0.4127E+00  120.0    2.6
  0.7338E+00  120.0    2.6
  0.1188E+01  120.0    2.6
  0.1727E+01  120.0    2.6
  0.2220E+01  120.0    2.6
  0.2483E+01  120.0    2.6
  0.2372E+01  120.0    2.6
  0.1897E+01  120.0    2.6
  0.1242E+01  120.0    2.6
  0.6504E+00  120.0    2.6
  0.2651E+00  120.0    2.6
  0.8169E-01  120.0    2.6
  0.1844E-01  120.0    2.6
  0.2945E-02  120.0    2.6
  0.3203E-03  120.0    2.6
  0.2276E-04  120.0    2.6
  0.1009E-05  120.0    2.6
  0.2658E-07  120.0    2.6
  0.3936E-09  120.0    2.6
 -0.9900E+02 -999.0   -9.0
 -0.9900E+02 -999.0   -9.0
 -0.9900E+02 -999.0   -9.0
 -0.9900E+02 -999.0   -9.0
 -0.9900E+02 -999.0   -9.0
 -0.9900E+02 -999.0   -9.0
 -0.9900E+02 -999.0   -9.0
 -0.9900E+02 -999.0   -9.0
 -0.9900E+02 -999.0   -9.0
 -0.9900E+02 -999.0   -9.0
LOCATION     2
  0.1007E-04  115.9    2.3
  0.2746E-04  115.9    2.3
  0.7461E-04  115.9    2.4
  0.2012E-03  115.9    2.4
  0.5362E-03  116.0    2.4
  0.1405E-02  116.0    2.4
  0.3600E-02  116.0    2.4
  0.8965E-02  116.1    2.4
  0.2155E-01  116.1    2.4
  0.4964E-01  116.2    2.4
  0.1087E+00  116.2    2.4
  0.2239E+00  116.3    2.4
  0.4298E+00  116.3    2.4
  0.7603E+00  116.4    2.4
  0.1224E+01  116.5    2.4
  0.1768E+01  116.5    2.4
  0.2259E+01  116.6    2.4
  0.2509E+01  116.7    2.4
  0.2380E+01  116.8    2.4
  0.1889E+01  116.9    2.4
  0.1228E+01  117.0    2.4
  0.6378E+00  117.1    2.4
  0.2578E+00  117.3    2.4
  0.7881E-01  117.4    2.4
  0.1765E-01  117.6    2.4
  0.2796E-02  117.8    2.4
  0.3020E-03  118.0    2.5
  0.2132E-04  118.2    2.5
  0.9414E-06  118.4    2.5
  0.2473E-07  118.7    2.5
  0.3664E-09  118.9    2.5
 -0.9900E+02 -999.0   -9.0
 -0.9900E+02 -999.0   -9.0
 -0.9900E+02 -999.0   -9.0
 -0.9900E+02 -999.0   -9.0
 -0.9900E+02 -999.0   -9.0
 -0.9900E+02 -999.0   -9.0
 -0.9900E+02 -999.0   -9.0
 -0.9900E+02 -999.0   -9.0
 -0.9900E+02 -999.0   -9.0
 -0.9900E+02 -999.0   -9.0
LOCATION     3
  0.1159E-04  111.0    2.1
  0.3155E-04  111.1    2.1
  0.8553E-04  111.1    2.1
  0.2301E-03  111.1    2.1
  0.6115E-03  111.2    2.1
  0.1597E-02  111.2    2.1
  0.4080E-02  111.3    2.1
  0.1013E-01  111.3    2.1
  0.2425E-01  111.4    2.1
  0.5563E-01  111.5    2.1
  0.1212E+00  111.6    2.1
  0.2485E+00  111.6    2.1
  0.4746E+00  111.7    2.1
  0.8347E+00  111.8    2.1
  0.1335E+01  111.9    2.2
  0.1916E+01  112.1    2.2
  0.2430E+01  112.2    2.2
  0.2679E+01  112.3    2.2
  0.2520E+01  112.5    2.2
  0.1983E+01  112.7    2.2
  0.1276E+01  112.9    2.2
  0.6563E+00  113.1    2.2
  0.2625E+00  113.3    2.2
  0.7937E-01  113.5    2.2
  0.1757E-01  113.8    2.2
  0.2751E-02  114.1    2.3
  0.2935E-03  114.4    2.3
  0.2047E-04  114.8    2.3
  0.8925E-06  115.2    2.3
  0.2317E-07  115.7    2.3
  0.3395E-09  116.1    2.4
 -0.9900E+02 -999.0   -9.0
 -0.9900E+02 -999.0   -9.0
 -0.9900E+02 -999.0   -9.0
 -0.9900E+02 -999.0   -9.0
 -0.9900E+02 -999.0   -9.0
 -0.9900E+02 -999.0   -9.0
 -0.9900E+02 -999.0   -9.0
 -0.9900E+02 -999.0   -9.0
 -0.9900E+02 -999.0   -9.0
 -0.9900E+02 -999.0   -9.0
LOCATION     4
  0.1542E-04  104.8    1.8
  0.4187E-04  104.9    1.8
  0.1132E-03  104.9    1.8
  0.3039E-03  104.9    1.8
  0.8053E-03  105.0    1.8
  0.2097E-02  105.0    1.8
  0.5339E-02  105.1    1.8
  0.1320E-01  105.1    1.8
  0.3150E-01  105.2    1.8
  0.7195E-01  105.3    1.8
  0.1560E+00  105.4    1.8
  0.3183E+00  105.4    1.8
  0.6046E+00  105.5    1.8
  0.1057E+01  105.6    1.8
  0.1680E+01  105.8    1.8
  0.2394E+01  105.9    1.9
  0.3013E+01  106.0    1.9
  0.3294E+01  106.2    1.9
  0.3071E+01  106.3    1.9
  0.2392E+01  106.5    1.9
  0.1524E+01  106.7    1.9
  0.7746E+00  106.9    1.9
  0.3060E+00  107.2    1.9
  0.9129E-01  107.4    1.9
  0.1992E-01  107.7    2.0
  0.3071E-02  108.0    2.0
  0.3223E-03  108.4    2.0
  0.2209E-04  108.8    2.0
  0.9455E-06  109.3    2.0
  0.2407E-07  109.7    2.1
  0.3456E-09  110.3    2.1
 -0.9900E+02 -999.0   -9.0
 -0.9900E+02 -999.0   -9.0
 -0.9900E+02 -999.0   -9.0
 -0.9900E+02 -999.0   -9.0
 -0.9900E+02 -999.0   -9.0
 -0.9900E+02 -999.0   -9.0
 -0.9900E+02 -999.0   -9.0
 -0.9900E+02 -999.0   -9.0
 -0.9900E+02 -999.0   -9.0
 -0.9900E+02 -999.0   -9.0
LOCATION     5
  0.1707E-04  103.2    1.7
  0.4634E-04  103.3    1.7
  0.1253E-03  103.3    1.7
  0.3360E-03  103.3    1.7
  0.8898E-03  103.4    1.7
  0.2316E-02  103.4    1.7
  0.5892E-02  103.5    1.7
  0.1456E-01  103.5    1.7
  0.3470E-01  103.6    1.7
  0.7920E-01  103.7    1.7
  0.1716E+00  103.7    1.7
  0.3497E+00  103.8    1.8
  0.6635E+00  103.9    1.8
  0.1159E+01  104.0    1.8
  0.1839E+01  104.1    1.8
  0.2617E+01  104.2    1.8
  0.3288E+01  104.3    1.8
  0.3588E+01  104.5    1.8
  0.3339E+01  104.6    1.8
  0.2596E+01  104.8    1.8
  0.1650E+01  105.0    1.8
  0.8366E+00  105.2    1.8
  0.3297E+00  105.4    1.8
  0.9805E-01  105.7    1.9
  0.2133E-01  106.0    1.9
  0.3277E-02  106.3    1.9
  0.3426E-03  106.6    1.9
  0.2338E-04  107.0    1.9
  0.9966E-06  107.4    2.0
  0.2526E-07  107.9    2.0
  0.3608E-09  108.4    2.0
 -0.9900E+02 -999.0   -9.0
 -0.9900E+02 -999.0   -9.0
 -0.9900E+02 -999.0   -9.0
 -0.9900E+02 -999.0   -9.0
 -0.9900E+02 -999.0   -9.0
 -0.9900E+02 -999.0   -9.0
 -0.9900E+02 -999.0   -9.0
 -0.9900E+02 -999.0   -9.0
 -0.9900E+02 -999.0   -9.0
 -0.9900E+02 -999.0   -9.0
LOCATION     6
  0.1815E-04  102.4    1.7
  0.4926E-04  102.4    1.7
  0.1331E-03  102.4    1.7
  0.3569E-03  102.5    1.7
  0.9451E-03  102.5    1.7
  0.2459E-02  102.6    1.7
  0.6254E-02  102.6    1.7
  0.1545E-01  102.7    1.7
  0.3681E-01  102.7    1.7
  0.8397E-01  102.8    1.7
  0.1818E+00  102.8    1.7
  0.3704E+00  102.9    1.7
  0.7023E+00  103.0    1.7
  0.1226E+01  103.1    1.7
  0.1944E+01  103.2    1.7
  0.2765E+01  103.3    1.7
  0.3471E+01  103.4    1.7
  0.3785E+01  103.6    1.8
  0.3518E+01  103.7    1.8
  0.2733E+01  103.9    1.8
  0.1735E+01  104.1    1.8
  0.8787E+00  104.3    1.8
  0.3458E+00  104.5    1.8
  0.1027E+00  104.7    1.8
  0.2230E-01  105.0    1.8
  0.3421E-02  105.3    1.9
  0.3570E-03  105.6    1.9
  0.2432E-04  106.0    1.9
  0.1034E-05  106.4    1.9
  0.2615E-07  106.9    1.9
  0.3725E-09  107.3    2.0
 -0.9900E+02 -999.0   -9.0
 -0.9900E+02 -999.0   -9.0
 -0.9900E+02 -999.0   -9.0
 -0.9900E+02 -999.0   -9.0
 -0.9900E+02 -999.0   -9.0
 -0.9900E+02 -999.0   -9.0
 -0.9900E+02 -999.0   -9.0
 -0.9900E+02 -999.0   -9.0
 -0.9900E+02 -999.0   -9.0
 -0.9900E+02 -999.0   -9.0
LOCATION     7
  0.1949E-04  101.4    1.6
  0.5289E-04  101.5    1.6
  0.1429E-03  101.5    1.6
  0.3830E-03  101.5    1.6
  0.1014E-02  101.6    1.6
  0.2638E-02  101.6    1.6
  0.6705E-02  101.7    1.6
  0.1656E-01  101.7    1.6
  0.3943E-01  101.8    1.7
  0.8992E-01  101.8    1.7
  0.1946E+00  101.9    1.7
  0.3962E+00  102.0    1.7
  0.7509E+00  102.1    1.7
  0.1310E+01  102.1    1.7
  0.2076E+01  102.2    1.7
  0.2950E+01  102.3    1.7
  0.3701E+01  102.5    1.7
  0.4032E+01  102.6    1.7
  0.3745E+01  102.7    1.7
  0.2906E+01  102.9    1.7
  0.1843E+01  103.1    1.7
  0.9323E+00  103.2    1.7
  0.3664E+00  103.5    1.8
  0.1087E+00  103.7    1.8
  0.2356E-01  103.9    1.8
  0.3608E-02  104.2    1.8
  0.3758E-03  104.5    1.8
  0.2555E-04  104.9    1.8
  0.1084E-05  105.3    1.9
  0.2734E-07  105.7    1.9
  0.3886E-09  106.2    1.9
 -0.9900E+02 -999.0   -9.0
 -0.9900E+02 -999.0   -9.0
 -0.9900E+02 -999.0   -9.0
 -0.9900E+02 -999.0   -9.0
 -0.9900E+02 -999.0   -9.0
 -0.9900E+02 -999.0   -9.0
 -0.9900E+02 -999.0   -9.0
 -0.9900E+02 -999.0   -9.0
 -0.9900E+02 -999.0   -9.0
 -0.9900E+02 -999.0   -9.0
LOCATION     8
  0.2117E-04  100.5    1.6
  0.5742E-04  100.5    1.6
  0.1551E-03  100.5    1.6
  0.4156E-03  100.6    1.6
  0.1100E-02  100.6    1.6
  0.2860E-02  100.6    1.6
  0.7269E-02  100.7    1.6
  0.1794E-01  100.7    1.6
  0.4272E-01  100.8    1.6
  0.9737E-01  100.8    1.6
  0.2107E+00  100.9    1.6
  0.4287E+00  101.0    1.6
  0.8120E+00  101.1    1.6
  0.1415E+01  101.1    1.6
  0.2242E+01  101.2    1.6
  0.3184E+01  101.3    1.6
  0.3992E+01  101.4    1.7
  0.4345E+01  101.6    1.7
  0.4032E+01  101.7    1.7
  0.3125E+01  101.8    1.7
  0.1980E+01  102.0    1.7
  0.1001E+01  102.2    1.7
  0.3927E+00  102.4    1.7
  0.1163E+00  102.6    1.7
  0.2518E-01  102.8    1.7
  0.3850E-02  103.1    1.8
  0.4003E-03  103.4    1.8
  0.2716E-04  103.7    1.8
  0.1150E-05  104.1    1.8
  0.2894E-07  104.5    1.9
  0.4102E-09  104.9    1.9
 -0.9900E+02 -999.0   -9.0
 -0.9900E+02 -999.0   -9.0
 -0.9900E+02 -999.0   -9.0
 -0.9900E+02 -999.0   -9.0
 -0.9900E+02 -999.0   -9.0
 -0.9900E+02 -999.0   -9.0
 -0.9900E+02 -999.0   -9.0
 -0.9900E+02 -999.0   -9.0
 -0.9900E+02 -999.0   -9.0
 -0.9900E+02 -999.0   -9.0
LOCATION     9
  0.2353E-04   99.4    1.5
  0.6382E-04   99.4    1.5
  0.1724E-03   99.4    1.5
  0.4618E-03   99.5    1.5
  0.1222E-02   99.5    1.5
  0.3176E-02   99.5    1.5
  0.8069E-02   99.6    1.5
  0.1991E-01   99.6    1.5
  0.4738E-01   99.7    1.5
  0.1079E+00   99.7    1.5
  0.2334E+00   99.8    1.5
  0.4748E+00   99.8    1.6
  0.8988E+00   99.9    1.6
  0.1566E+01  100.0    1.6
  0.2479E+01  100.1    1.6
  0.3517E+01  100.1    1.6
  0.4406E+01  100.2    1.6
  0.4792E+01  100.4    1.6
  0.4442E+01  100.5    1.6
  0.3440E+01  100.6    1.6
  0.2177E+01  100.8    1.6
  0.1099E+01  100.9    1.6
  0.4307E+00  101.1    1.6
  0.1274E+00  101.3    1.7
  0.2754E-01  101.5    1.7
  0.4203E-02  101.8    1.7
  0.4362E-03  102.0    1.7
  0.2954E-04  102.4    1.7
  0.1248E-05  102.7    1.8
  0.3132E-07  103.1    1.8
  0.4428E-09  103.5    1.8
 -0.9900E+02 -999.0   -9.0
 -0.9900E+02 -999.0   -9.0
 -0.9900E+02 -999.0   -9.0
 -0.9900E+02 -999.0   -9.0
 -0.9900E+02 -999.0   -9.0
 -0.9900E+02 -999.0   -9.0
 -0.9900E+02 -999.0   -9.0
 -0.9900E+02 -999.0   -9.0
 -0.9900E+02 -999.0   -9.0
 -0.9900E+02 -999.0   -9.0
LOCATION    10
  0.2706E-04   98.1    1.5
  0.7336E-04   98.1    1.5
  0.1981E-03   98.2    1.5
  0.5305E-03   98.2    1.5
  0.1403E-02   98.2    1.5
  0.3647E-02   98.2    1.5
  0.9261E-02   98.3    1.5
  0.2284E-01   98.3    1.5
  0.5434E-01   98.4    1.5
  0.1237E+00   98.4    1.5
  0.2675E+00   98.5    1.5
  0.5437E+00   98.5    1.5
  0.1029E+01   98.6    1.5
  0.1791E+01   98.6    1.5
  0.2834E+01   98.7    1.5
  0.4018E+01   98.8    1.5
  0.5029E+01   98.9    1.6
  0.5465E+01   99.0    1.6
  0.5062E+01   99.1    1.6
  0.3916E+01   99.2    1.6
  0.2475E+01   99.3    1.6
  0.1248E+01   99.5    1.6
  0.4885E+00   99.6    1.6
  0.1443E+00   99.8    1.6
  0.3114E-01  100.0    1.7
  0.4745E-02  100.2    1.7
  0.4915E-03  100.5    1.7
  0.3322E-04  100.8    1.7
  0.1400E-05  101.1    1.7
  0.3506E-07  101.4    1.8
  0.4944E-09  101.8    1.8
 -0.9900E+02 -999.0   -9.0
 -0.9900E+02 -999.0   -9.0
 -0.9900E+02 -999.0   -9.0
 -0.9900E+02 -999.0   -9.0
 -0.9900E+02 -999.0   -9.0
 -0.9900E+02 -999.0   -9.0
 -0.9900E+02 -999.0   -9.0
 -0.9900E+02 -999.0   -9.0
 -0.9900E+02 -999.0   -9.0
 -0.9900E+02 -999.0   -9.0
LOCATION    11
  0.3289E-04   96.7    1.4
  0.8915E-04   96.7    1.4
  0.2407E-03   96.7    1.4
  0.6444E-03   96.7    1.4
  0.1704E-02   96.7    1.4
  0.4427E-02   96.8    1.4
  0.1124E-01   96.8    1.4
  0.2771E-01   96.8    1.4
  0.6589E-01   96.9    1.4
  0.1500E+00   96.9    1.4
  0.3240E+00   96.9    1.4
  0.6584E+00   97.0    1.4
  0.1245E+01   97.0    1.4
  0.2166E+01   97.1    1.4
  0.3425E+01   97.2    1.4
  0.4853E+01   97.2    1.5
  0.6069E+01   97.3    1.5
  0.6590E+01   97.4    1.5
  0.6097E+01   97.5    1.5
  0.4713E+01   97.6    1.5
  0.2976E+01   97.7    1.5
  0.1498E+01   97.8    1.5
  0.5858E+00   97.9    1.5
  0.1728E+00   98.1    1.5
  0.3724E-01   98.2    1.6
  0.5664E-02   98.4    1.6
  0.5856E-03   98.6    1.6
  0.3950E-04   98.9    1.6
  0.1661E-05   99.1    1.7
  0.4150E-07   99.4    1.7
  0.5836E-09   99.7    1.7
 -0.9900E+02 -999.0   -9.0
 -0.9900E+02 -999.0   -9.0
 -0.9900E+02 -999.0   -9.0
 -0.9900E+02 -999.0   -9.0
 -0.9900E+02 -999.0   -9.0
 -0.9900E+02 -999.0   -9.0
 -0.9900E+02 -999.0   -9.0
 -0.9900E+02 -999.0   -9.0
 -0.9900E+02 -999.0   -9.0
 -0.9900E+02 -999.0   -9.0
LOCATION    12
  0.4694E-04   94.6    1.4
  0.1272E-03   94.6    1.4
  0.3433E-03   94.7    1.4
  0.9191E-03   94.7    1.4
  0.2429E-02   94.7    1.4
  0.6309E-02   94.7    1.4
  0.1601E-01   94.7    1.4
  0.3946E-01   94.8    1.4
  0.9381E-01   94.8    1.4
  0.2134E+00   94.8    1.4
  0.4609E+00   94.8    1.4
  0.9359E+00   94.9    1.4
  0.1769E+01   94.9    1.4
  0.3076E+01   94.9    1.5
  0.4859E+01   95.0    1.5
  0.6880E+01   95.0    1.5
  0.8599E+01   95.1    1.5
  0.9328E+01   95.1    1.5
  0.8623E+01   95.2    1.5
  0.6657E+01   95.3    1.5
  0.4199E+01   95.4    1.5
  0.2112E+01   95.4    1.6
  0.8246E+00   95.5    1.6
  0.2428E+00   95.6    1.6
  0.5225E-01   95.8    1.6
  0.7935E-02   95.9    1.7
  0.8189E-03   96.0    1.7
  0.5511E-04   96.2    1.7
  0.2313E-05   96.4    1.7
  0.5764E-07   96.6    1.8
  0.8084E-09   96.8    1.8
 -0.9900E+02 -999.0   -9.0
 -0.9900E+02 -999.0   -9.0
 -0.9900E+02 -999.0   -9.0
 -0.9900E+02 -999.0   -9.0
 -0.9900E+02 -999.0   -9.0
 -0.9900E+02 -999.0   -9.0
 -0.9900E+02 -999.0   -9.0
 -0.9900E+02 -999.0   -9.0
 -0.9900E+02 -999.0   -9.0
 -0.9900E+02 -999.0   -9.0
LOCATION    13
  0.6761E-04   94.2    1.3
  0.1832E-03   94.2    1.3
  0.4944E-03   94.2    1.3
  0.1323E-02   94.2    1.3
  0.3497E-02   94.2    1.3
  0.9082E-02   94.3    1.3
  0.2304E-01   94.3    1.3
  0.5678E-01   94.3    1.3
  0.1350E+00   94.3    1.3
  0.3070E+00   94.4    1.3
  0.6628E+00   94.4    1.3
  0.1346E+01   94.4    1.3
  0.2542E+01   94.4    1.3
  0.4419E+01   94.5    1.4
  0.6980E+01   94.5    1.4
  0.9879E+01   94.6    1.4
  0.1234E+02   94.6    1.4
  0.1338E+02   94.7    1.4
  0.1237E+02   94.7    1.4
  0.9543E+01   94.8    1.4
  0.6016E+01   94.9    1.4
  0.3024E+01   94.9    1.4
  0.1180E+01   95.0    1.5
  0.3473E+00   95.1    1.5
  0.7467E-01   95.2    1.5
  0.1133E-01   95.3    1.5
  0.1168E-02   95.5    1.6
  0.7856E-04   95.6    1.6
  0.3294E-05   95.8    1.6
  0.8199E-07   96.0    1.7
  0.1149E-08   96.2    1.7
  0.8541E-11   96.4    1.7
 -0.9900E+02 -999.0   -9.0
 -0.9900E+02 -999.0   -9.0
 -0.9900E+02 -999.0   -9.0
 -0.9900E+02 -999.0   -9.0
 -0.9900E+02 -999.0   -9.0
 -0.9900E+02 -999.0   -9.0
 -0.9900E+02 -999.0   -9.0
 -0.9900E+02 -999.0   -9.0
 -0.9900E+02 -999.0   -9.0
